10282273 1
4317869 0
4342843 0
5336151 0
6825515 0
7108455 0
7442813 0
7594217 0
7641607 0
8536665 0
9113645 0
9381467 0
10949745 0
11224734 0
11370539 0
11964356 0
12384744 0
15341654 0
15770342 0
16802358 0
16964558 0
17271715 0
17858320 0
19125198 0
19779188 0
19858159 0
20540652 0
20934848 0
21031193 0
21099553 0
21915134 0
22157562 0
22383464 0
23452839 0
23680385 0
23757965 0
24407916 0
24409341 0
24432025 0
24481275 0
24781628 0
24869740 0
25805851 0
26636136 0
26835727 0
28206077 0
28494162 0
28672825 0
29120817 0
29274034 0
29394023 0
30187281 0
30575411 0
31792497 0
32218820 0
32747303 0
33010156 0
33581694 0
34187694 0
34540107 0
34702174 0
35036684 0
35935295 0
36206864 0
37635603 0
38268533 0
38768380 0
39832333 0
42340265 0
43887383 0
44530297 0
45572576 0
46278239 0
46289753 0
47223640 0
49666622 0
50373563 0
52899590 0
55028961 0
55192996 0
56332007 0
56519279 0
57551848 0
57674457 0
57752994 0
58019373 0
58088667 0
60373472 0
60992370 0
61112670 0
62044824 0
62910269 0
66220727 0
66291119 0
67431295 0
68586234 0
69475412 0
70320236 0
70367312 0
70599523 0
71662163 0
74374346 0
74636218 0
76545749 0
76743425 0
76825082 0
78778480 0
80297653 0
80736827 0
81403954 0
82956870 0
84859063 0
84871314 0
88722117 0
89869990 0
94146703 0
94839196 0
98069414 0
99702370 0
102809250 0
105856480 0
107709012 0
113314339 0
116102978 0
117250678 0
121091075 0
121573063 0
124534303 0
128535875 0
131614290 0
132069755 0
133351848 0
134165775 0
134664049 0
135932315 0
136311602 0
137396941 0
137660947 0
138335089 0
139184519 0
139549554 0
140524357 0
143162789 0
143941757 0
144655040 0
145615628 0
146627306 0
146803902 0
152044739 0
152197161 0
153644160 0
154262930 0
154725098 0
155255772 0
155472681 0
155695605 0
156704788 0
156854059 0
160835735 0
161058397 0
161101851 0
164778837 0
166560708 0
171318994 0
176065767 0
183015692 0
184867668 0
185635929 0
188618048 0
189718740 0
192073327 0
194568545 0
197065688 0
198802176 0
208148754 0
209181605 0
209655253 0
219531626 0
225559786 0
225854062 0
228785874 0
231220906 0
231789793 0
234521704 0
237857118 0
242288212 0
243230508 0
259412797 0
265668566 0
280189198 0
284934420 0
292644434 0
293811064 0
295365685 0
302626610 0
304182019 0
309747812 0
313251577 0
313451347 0
315177846 0
318024323 0
318216465 0
329125050 0
329153129 0
329332103 0
330000623 0
338336990 0
341776766 0
343257846 0
343304759 0
346007108 0
354158100 0
358889996 0
359889351 0
363958427 0
365435579 0
391468046 0
391488774 0
393290807 0
395842098 0
401510320 0
401903425 0
406650847 0
408819095 0
409259426 0
409901859 0
417287521 0
420186788 0
420641922 0
425002891 0
430327789 0
435295076 0
446131629 0
454082602 0
487996223 0
495021768 0
497345097 0
497486619 0
505784267 0
521853665 0
521997388 0
524796654 0
526135574 0
528145528 0
529481984 0
530616288 0
531780457 0
532396919 0
540451965 0
542123200 0
545338008 0
546577964 0
557791756 0
563397657 0
563761914 0
564256232 0
565009553 0
565501245 0
566012564 0
569647604 0
570880014 0
576037366 0
578392371 0
586389156 0
599888097 0
646844024 0
681253286 0
690746848 0
704385120 0
757142430 0
759670063 0
16638548 0 1
1814874 0
11982993 0
13894320 0
14739521 0
15578651 0
17533363 0
17945284 0
20293197 0
20606253 0
20915074 0
22226205 0
25134726 0
26643299 0
30079711 0
31714580 0
33703058 0
33885651 0
45643034 0
54573676 0
54598167 0
56471810 0
64304238 0
81761879 0
82526425 0
82663488 0
90490721 0
91581096 0
100837793 0
116126751 0
116830766 0
126697113 0
133256387 0
133994996 0
139109857 0
143069923 0
154143087 0
171415801 0
175116092 0
200270036 0
223052326 0
227370066 0
290920002 0
405251610 0
698748117 0
71706644 0 1
4267282 0
4328685 0
8104589 0
11769401 0
16049856 0
18452581 0
21543558 0
22748107 0
53748987 0
57682740 0
59404822 0
60097538 0
61651311 0
61745291 0
67780616 0
72107285 0
77788214 0
77791441 0
79128955 0
83092684 0
84616528 0 1
84965066 0 1
90266178 0
90435879 0
91097196 0
91203119 0
93595103 0
93711547 0
96591999 0
98450569 0
98881033 0
102744538 0
104351272 0
105641250 0
107245994 0 1
113985078 0
114645413 0
117221840 0
118131131 0
120263330 0
121425423 0
122318428 0
125121460 0
125652958 0
127734139 0
128536028 0
132229195 0
132711096 0
133480686 0
134206634 0
134304371 0
135110760 0
135401605 0
135786040 0
136270141 0
136492527 0
136544805 0
136950269 0
137094818 0
138092865 0
138651814 0
139055419 0
139122132 0
139367882 0
139898024 0
140245861 0
140691483 0
141513875 0
144791956 0
144906999 0
146364803 0
146785620 0
147839143 0
148023430 0
148390130 0
149158151 0
151650682 0
151934839 0
152492615 0
152858262 0
153243069 0
153478839 0
154471370 0
154515601 0
154782570 0
155041089 0
155307510 0
155637920 0
155770778 0
156363749 0
156519054 0
156642495 0
156693875 0
156694693 0
157314964 0
157623996 0
158194176 0
158756238 0
159543283 0
159990406 0
160124215 0
161013908 0
161113205 0
162354718 0
163127729 0
163318373 0
164402590 0
164609529 0
164783574 0
165221917 0
165459188 0
166377307 0
166648801 0
167107481 0
167694547 0
167986428 0
168325578 0
169191716 0
169324892 0
169705239 0
169954750 0
170224666 0
170473070 0
171163569 0
171300857 0
171393526 0
171631583 0
171800208 0
172005699 0
172376155 0
172985012 0
173702580 0
173846640 0
173942055 0
175706409 0
175743800 0
176736592 0
177593162 0
177642019 0
178092016 0
178517020 0
178705233 0
178904756 0
179018921 0
179414578 0
180743595 0
180923258 0
181124330 0
181200578 0
182213462 0
182880013 0
183232003 0
183333406 0
185532867 0
186055655 0
186443238 0
187215853 0
187806947 0
188625095 0
189128158 0
189191407 0
189621673 0
192245948 0
192873390 0
193102622 0
193860826 0
194154950 0
195154861 0
196772086 0
197631697 0
199010879 0
199204677 0
199578277 0
201253736 0
206515849 0
207649068 0
208145898 0
208419768 0
208759792 0
210359966 0
212433507 0
212965666 0
213355937 0
213998045 0
214007817 0
214116302 0
216044544 0
219350851 0
220797644 0
221343752 0
221652357 0
222011812 0
222519102 0
222956214 0
223528209 0
223650606 0
223866045 0
223930536 0
224195738 0
225957951 0
226004414 0
226598073 0
226635042 0
227552550 0
227940503 0
228757777 0
228982133 0
229260513 0
229991144 0
230106078 0
231839495 0
232598175 0
233754525 0
235054401 0
235386274 0
236687319 0
238062180 0
238275545 0
238599631 0
243466212 0
245927538 0
246621404 0
246905564 0
247202289 0
247762375 0
248421333 0
248582553 0
249436149 0
251028754 0
253668430 0
256059660 0
258991176 0
260772576 0
261247811 0
261515388 0
262699558 0
263217487 0
263709335 0
264220815 0
264298335 0
264517030 0
265998129 0
266861441 0
267124217 0
267171385 0
267268415 0
269611406 0
274440533 0
274546041 0
275170566 0
276636166 0
277388704 0
277754820 0
278738837 0
278956852 0
279771614 0
280397338 0
282916491 0
283062771 0
283457968 0
285722069 0
286553427 0
288475957 0
289862672 0
290177214 0
297514057 0
300515461 0
302055581 0
307840868 0
315853042 0
320339339 0
321749401 0
322559049 0
323097059 0
324503374 0
325081846 0
325418350 0
325674000 0
330581895 0
331010549 0
332292659 0
332977157 0
335339359 0
342427386 0
345403596 0
345858250 0
350485893 0
351936966 0
355947679 0
357116858 0
360404943 0
364526645 0
366337553 0
370477761 0
370900701 0
373868116 0
378709030 0
381347370 0
385118806 0
386373229 0
399428113 0
400885721 0
419843014 0
420574928 0
421377582 0
427022353 0
430203603 0
431247293 0
431263170 0
433774365 0
440799979 0
440977649 0
443194153 0
448542092 0
456319789 0
459199038 0
461363385 0
462831165 0
463438299 0
463572841 0
463603390 0
464168491 0
469771594 0
477852279 0
480089854 0
484805858 0
490753527 0
494531747 0
506199046 0
507850933 0
510643927 0
512897360 0
521020787 0
525709060 0
526754595 0
538800564 0
548320871 0
552176029 0
555142619 0
557585785 0
583246212 0
588543644 0
611086262 0
612470184 0
628413397 0
647350742 0
658435456 0
686085959 0
6178693 0
7232778 0
42856075 0
47687640 0
59047132 0
60129378 0
64135600 0
84569991 0
88747291 0
90010909 0 1
93784453 0
94849540 0
96148670 0
100814787 0
105409638 0
109408905 0
118715885 0
121559749 0
121923250 0
124328260 0
127439390 0
128041632 0
135534255 0
137129500 0
138038606 0
138886167 0
139567044 0
139925561 0
141074187 0
143276422 0
143422393 0
143657428 0
144190298 0
144855136 0
144865453 0
146993560 0
147178914 0
152707666 0
152736627 0
154380167 0
154548994 0
155253503 0
157473742 0
160624004 0
160945674 0
161448739 0
162342936 0
163160331 0
165854518 0
166679300 0
167066109 0
168856467 0
168962836 0
169200521 0
170732471 0
173514794 0
174249034 0
174610163 0
177030356 0
177136360 0
177274923 0
177312156 0
177751969 0
178198591 0
179146021 0
179781376 0
180250629 0
181372096 0
183416616 0
183428721 0
184440052 0
185098046 0
186808009 0
190053019 0
190399252 0
193109492 0
195456032 0
196897013 0
199710202 0
200979298 0
202359365 0
207230799 0
207809245 0
210726355 0
211751383 0
213791893 0
214220557 0
214747303 0
215205779 0
216484684 0
216511580 0
217939957 0
217960847 0
221461414 0
222467164 0
223216437 0
227124954 0
229443153 0
229802915 0
230484244 0
230611950 0
231689560 0
235716648 0
236520261 0
238398134 0
242997304 0
245660333 0
248531849 0
249395150 0
249891531 0
253751375 0
265441547 0
266710273 0
270398932 0
270922174 0
277160135 0
278470465 0
282219517 0
283728472 0
294967343 0
298651196 0
299846682 0
304945427 0
308969022 0
309500217 0
314009399 0
333747922 0
341806089 0
356860731 0
357660259 0
361053045 0
366421924 0
404244378 0
414046859 0
440392761 0
447816976 0
453394074 0
467355447 0
477247939 0
482156718 0
485778509 0
508776294 0
511467670 0
513333856 0
518322394 0
519329632 0
521406046 0
538549836 0
542374633 0
561119171 0
568753166 0
589606746 0
602888542 0
610992714 0
616438111 0
641417654 0
684817694 0
710025226 0
751403553 0
4069746 0
6401869 0
12224765 0
22819640 0
54856880 0
70839541 0
70877577 0
73449250 0
73587552 0
93765200 0
121089850 0
122991591 0
126177073 0
133322783 0
134793151 0
137362602 0
144030779 0
148152594 0
150141780 0
152303653 0
155696065 0
159830617 0
163693085 0
168125646 0
168447221 0
170201180 0
170357490 0
171797231 0
172243339 0
172485240 0
174276583 0
177701450 0
180158628 0
181652739 0
184077606 0
184543392 0
186552626 0
187793022 0
192745673 0
192751077 0
195874232 0
204381932 0
205861293 0
213748791 0
217307960 0
218138892 0
221123780 0
222882594 0
224371970 0
227873876 0
231974063 0
231982214 0
232189397 0
232228817 0
233917616 0
249817667 0
250369463 0
250823306 0
251754666 0
252101276 0
252445854 0
255481828 0
257029084 0
260706207 0
264184951 0
264611627 0
267870905 0
268150020 0
268325198 0
268487888 0
269744538 0
279932098 0
280518441 0
282892495 0
284471351 0
285698327 0
286348307 0
288374986 0
291195455 0
294241543 0
297634811 0
303782461 0
315766321 0
319336837 0
320012362 0
320452382 0
323833398 0
328670789 0
329830744 0
334013279 0
335912922 0
336996623 0
345476672 0
346347286 0
346482466 0
349139435 0
353735031 0
356356543 0
358186825 0
358721527 0
361362103 0
362967391 0
363288488 0
367788706 0
371864368 0
381533151 0
384052146 0
385383110 0
387949306 0
392020666 0
394395534 0
394661878 0
395106517 0
395285728 0
401714133 0
414716013 0
419371830 0
426691891 0
435179570 0
435329365 0
435764621 0
436123513 0
442829128 0
443159498 0
445617439 0
451162596 0
451170319 0
453084860 0
453497519 0
454618958 0
454711610 0
455428720 0
457139736 0
458433827 0
461052530 0
465415848 0
466690924 0
476204482 0
476374648 0
476501457 0
476886645 0
478909570 0
481184991 0
483031101 0
488362701 0
490173607 0
494335169 0
497026391 0
497515521 0
499655846 0
500549279 0
500595650 0
502456266 0
503231661 0
512817754 0
514021173 0
518662681 0
519461713 0
521815853 0
523074479 0
526562802 0
530237550 0
531997466 0
532066259 0
536106906 0
538174941 0
540593774 0
541137141 0
546165863 0
554350403 0
556742607 0
558666538 0
561628977 0
566586671 0
571986992 0
579695505 0
580667234 0
582482209 0
583968094 0
598397195 0
599045163 0
601645748 0
606365573 0
612646947 0
617667604 0
620142073 0
625049501 0
628308352 0
638304568 0
641812543 0
644332373 0
645407684 0
645982550 0
664985192 0
671087625 0
672555804 0
674216928 0
676162292 0
696450150 0
737449376 0
746678935 0
87352718 0
3479125 0
11519792 0
11673421 0
13477387 0
15524385 0
25013473 0
27438702 0
34017670 0
39872982 0
39879272 0
42150916 0
47805215 0
50365926 0
53433894 0
53482434 0
56739428 0
58259948 0
65008582 0
67027379 0
68224951 0
68520914 0
68965142 0
69559977 0
76627296 0
76641985 0
78513631 0
80859499 0
82552089 0
83307311 0
87344955 0
90548341 0
91578774 0
93899583 0
95335262 0
100455805 0
106611803 0
107075975 0
108390820 0
108804782 0
110059469 0
110889932 0
112392270 0
112828349 0
119259727 0
119643129 0
120183921 0
120792517 0
120845038 0
121734189 0
121849584 0
122142437 0
123874756 0
125836831 0
128297183 0
131509228 0
132862693 0
133112166 0
133558418 0
133712905 0
133934427 0
134278499 0
136124260 0
136370528 0
136805368 0
137685083 0
138294478 0
138549962 0
140535276 0
141854426 0
142057740 0
142165569 0
142218501 0
142339068 0
142854225 0
143158325 0
144042895 0
145335570 0
145833190 0
146670435 0
147736481 0
147802134 0
149079542 0
149218363 0
152388173 0
152581382 0
152650240 0
153355601 0
154426925 0
155690703 0
156886956 0
157780824 0
157884199 0
157946669 0
158089844 0
158878230 0
158926725 0
159008014 0
159230497 0
159377376 0
159737445 0
161955085 0
162843718 0
163159185 0
163300636 0
163809652 0
164226860 0
166339318 0
167545446 0
167621655 0
167745718 0
168520834 0
169193389 0
170438488 0
170609897 0
171127255 0
171664794 0
171994738 0
172833236 0
173306284 0
174058578 0
174172689 0
176357081 0
177455940 0
177720947 0
178692136 0
180018239 0
181179797 0
181794074 0
181865724 0
182070666 0
182785199 0
183724614 0
184787078 0
185064066 0
185294007 0
185411892 0
186602840 0
186633467 0
187113559 0
188085464 0
188315573 0
188701951 0
188823698 0
189097787 0
193864578 0
195248258 0
196922804 0
197904111 0
197920238 0
197965338 0
198529161 0
198580162 0
198655244 0
198794567 0
198846594 0
199833278 0
200013077 0
200568839 0
200987962 0
201225172 0
201907384 0
202496876 0
202687269 0
202689423 0
203076834 0
205349594 0
205626961 0
206312071 0
206628948 0
207401204 0
211414929 0
212078956 0
212770297 0
212902920 0
213266084 0
213469409 0
213766580 0
213947265 0
214559346 0
214723007 0
214904931 0
215322946 0
215513308 0
216277126 0
217140828 0
218568162 0
219253693 0
219350939 0
221967484 0
222149757 0
223008914 0
224302630 0
226224993 0
226813160 0
227551581 0
228152104 0
228438777 0
228521874 0
228625455 0
230519736 0
230649618 0
232049077 0
233648004 0
234107336 0
235610687 0
236489742 0
236691230 0
237723727 0
238680474 0
239643124 0
241373421 0
242053908 0
242503794 0
245530619 0
246508864 0
251922324 0
253785877 0
256270065 0
256272651 0
256888642 0
260155930 0
260565184 0
262514735 0
266466386 0
271662438 0
272907238 0
273879988 0
276950130 0
277973818 0
278886881 0
280044142 0
283511041 0
284938421 0
291678442 0
292283441 0
296175840 0
296320725 0
297688732 0
299241888 0
299490703 0
300808521 0
301360627 0
303731199 0
304186623 0
308717552 0
308807619 0
311000481 0
313309400 0
317367924 0
319066487 0
321046814 0
321188311 0
321967170 0
322102693 0
325074983 0
331960080 0
333160927 0
333951563 0
334097249 0
334116709 0
335282600 0
336667093 0
341349772 0
342060164 0
344724250 0
347830104 0
351202295 0
351218350 0
351691730 0
356117964 0
356467435 0
359587340 0
360874261 0
362521750 0
362750324 0
364625236 0
371104554 0
376532296 0
379396092 0
381289640 0
382807265 0
383811900 0
386491228 0
400955672 0
402113280 0
403415248 0
405605446 0
413517573 0
414884236 0
419859478 0
421248300 0
424229288 0
429094877 0
431451288 0
434095978 0
437059316 0
438216688 0
440265693 0
440468606 0
442380492 0
443346818 0
447996090 0
449819527 0
450345607 0
453986950 0
455736353 0
457848750 0
460904784 0
461864497 0
462172092 0
462558799 0
463224777 0
464447675 0
465024223 0
466459131 0
468089141 0
472961347 0
474054936 0
474344992 0
475420370 0
477408900 0
480809364 0
487849460 0
489439774 0
494072866 0
494177713 0
496432120 0
502737123 0
505505625 0
506841127 0
510320553 0
510362153 0
512486736 0
512756034 0
522724368 0
522819101 0
523163248 0
523527296 0
525217235 0
525245315 0
527115045 0
529317877 0
529637958 0
532359154 0
543396209 0
546441291 0
547784172 0
551209673 0
551997344 0
556452517 0
557094410 0
557451692 0
559877296 0
560053329 0
562284549 0
563418554 0
564013511 0
579142952 0
580465813 0
581260730 0
589081165 0
598244458 0
599890720 0
645702624 0
675112508 0
694749198 0
702344421 0
753782753 0
12646677 0
16489563 0
16917779 0
17789411 0
27192984 0
64192836 0
75071781 0
77212127 0
99218528 0
99861495 0
133700362 0
134267036 0
134562949 0
136038221 0
158199912 0
158792785 0
159890540 0
168529560 0
168939359 0
169112801 0
174815633 0
180061245 0
180154888 0
181176942 0
187625285 0
192396098 0
194140735 0
195643902 0
202173361 0
204260434 0
205298243 0
206242715 0
213191899 0
214306525 0
214863251 0
224980689 0
226386487 0
228872486 0
230108787 0
234761775 0
238843002 0
248364383 0
250000991 0
256804053 0
269590984 0
269595221 0
270277943 0
273794908 0
289489175 0
292775599 0
298655735 0
307980679 0
310517042 0
313364479 0
320633858 0
322455160 0
322601252 0
323872901 0
330478664 0
333964577 0
340560295 0
341040039 0
354080096 0
357661865 0
382527499 0
383529977 0
404060564 0
415440078 0
419709470 0
448589495 0
449862502 0
466140635 0
475325417 0
501606877 0
508563216 0
511008752 0
523054380 0
530516785 0
534151052 0
552616875 0
556566084 0
560001832 0
611966375 0
636530771 0
655595956 0
663346632 0
680025512 0
683409601 0
693181649 0
704123014 0
692473 0
5902688 0
13303663 0
13709466 0
18194655 0
32488769 0
46626314 0
51304994 0
53632364 0
54298480 0
54894585 0
58703973 0
60282296 0
60854989 0
64531169 0
65191070 0
66714703 0
70571866 0
72081555 0
74070869 0
79453250 0
81087557 0
81538298 0
82043036 0
82667544 0
86447978 0
87936913 0
90251987 0
90867056 0
93674943 0
94277024 0
96321055 0
98119181 0
103703149 0
104924009 0
105080195 0
105215957 0
108377132 0
109528120 0
111087684 0
115732370 0
116898933 0
119231093 0
120038711 0
120930094 0
121812844 0
123015438 0
123491032 0
124533814 0
124659703 0
126338040 0
126711918 0
126977252 0
128042727 0
130607358 0
131327316 0
131644997 0
131842715 0
132165939 0
132230640 0
132850354 0
133658938 0
134147264 0
134441723 0
135179187 0
135381062 0
135830836 0
136116241 0
136315815 0
136968583 0
137258758 0
137874465 0
138152902 0
138611396 0
138617087 0
138699245 0
138825156 0
139366502 0
139632107 0
139732593 0
142367813 0
142601247 0
143156042 0
145092438 0
145126421 0
145235372 0
145308039 0
145381891 0
145555603 0
145936850 0
147011469 0
149055269 0
151197057 0
151545451 0
152106530 0
152344200 0
152647796 0
152819152 0
153236687 0
153782011 0
153793944 0
154608494 0
154669649 0
155038439 0
155129147 0
155542381 0
156020256 0
156793780 0
157628633 0
158451048 0
158507492 0
158831764 0
159254290 0
159554646 0
160225213 0
160644894 0
160953438 0
162119171 0
163188501 0
163214554 0
163424803 0
164351455 0
164498887 0
165213154 0
166687302 0
166805798 0
168360568 0
168377474 0
168719964 0
169813380 0
171304532 0
171334939 0
172243137 0
172288678 0
172358514 0
172534606 0
172791885 0
173614739 0
173702964 0
174267884 0
174817508 0
175313960 0
175712384 0
175724126 0
176029183 0
176117893 0
177788205 0
177892084 0
180279028 0
181188999 0
182184019 0
182960920 0
183149846 0
183392306 0
183448343 0
185286528 0
185570878 0
186146907 0
186150473 0
186748480 0
188232159 0
190178424 0
190196246 0
192161603 0
194955594 0
195101917 0
195459656 0
195618953 0
196226388 0
199230556 0
200529799 0
200559423 0
202184190 0
202557350 0
204558269 0
205060006 0
206606634 0
208052195 0
211180681 0
211396098 0
211697983 0
212468368 0
212956398 0
213988451 0
214183543 0
214383547 0
216536180 0
216604742 0
216704405 0
218673358 0
218714292 0
219294168 0
219396207 0
219597656 0
220069703 0
220273251 0
222582448 0
223078535 0
223155962 0
224202569 0
224370408 0
226619261 0
227083443 0
227770716 0
228291213 0
228462967 0
232813796 0
233932571 0
235009510 0
235117106 0
236158848 0
236570613 0
236844128 0
237059047 0
239765558 0
240150744 0
241813988 0
243998204 0
244857225 0
245246771 0
245963000 0
247980547 0
248708513 0
253383487 0
254172311 0
255819229 0
256670374 0
257054236 0
257466988 0
258248553 0
267362830 0
268685568 0
270688260 0
270910307 0
270979096 0
273884378 0
276037349 0
276333308 0
279064606 0
281639363 0
284218196 0
284416611 0
284466363 0
284712441 0
287875542 0
289098031 0
293909643 0
294064076 0
298247380 0
300182669 0
302706664 0
303737772 0
305506985 0
309856750 0
314933414 0
316104528 0
317003784 0
317232375 0
318080019 0
319066374 0
319072866 0
323510273 0
325781785 0
325855157 0
325876929 0
327261488 0
328723188 0
328990003 0
330352980 0
334427606 0
341312151 0
344385431 0
347346916 0
347476422 0
353532896 0
357475729 0
360921081 0
362908155 0
363363588 0
365665578 0
366200324 0
366611803 0
368745481 0
369988196 0
373933650 0
375213647 0
377831131 0
378664985 0
379364386 0
383140139 0
383859513 0
386439756 0
389140903 0
390965808 0
392015781 0
393645172 0
394317979 0
394351301 0
396973702 0
397431236 0
397489093 0
397716325 0
398908521 0
401324090 0
402275738 0
404822475 0
405177383 0
408448151 0
408608468 0
411521257 0
412371091 0
421221537 0
421568928 0
422630913 0
428537692 0
428709394 0
431918228 0
433268366 0
434230715 0
438039515 0
444858053 0
449357868 0
452740048 0
453785318 0
454389026 0
454505676 0
461373777 0
464944965 0
475400870 0
475733776 0
477562095 0
482254523 0
491887021 0
492209775 0
505498999 0
516851502 0
519588279 0
532855651 0
533922466 0
538936006 0
542477606 0
554220381 0
554314940 0
558053015 0
561082332 0
561217051 0
561915655 0
563376722 0
564576336 0
566608042 0
567619747 0
569266291 0
570054307 0
570886843 0
572981525 0
587652695 0
589195789 0
612686681 0
612961716 0
626619400 0
628074124 0
632642955 0
640898093 0
646540364 0
649926504 0
665949808 0
668231787 0
671575063 0
678779191 0
686993652 0
709987041 0
712779295 0
94489060 0
366007 0
1532983 0
1824241 0
3016643 0
3570548 0
4057942 0
4410251 0
4410373 0
4567431 0
5110881 0
5965243 0
6137888 0
6311111 0
6370855 0
6496133 0
8608132 0
8655206 0
9905341 0
10385605 0
11192281 0
14110846 0
17627721 0
19013467 0
20549135 0
24012884 0
24340967 0
31015740 0
42527593 0
43111919 0
43622808 0
43695167 0
51913188 0
52963326 0
56000602 0
56152144 0
59685730 0
61209438 0
65905681 0
79661407 0
84664229 0
90177066 0
99378033 0
104465397 0
112399190 0
117162551 0
123601446 0
130206442 0
134721547 0
135058418 0
143082106 0
144037693 0
144792866 0
145770627 0
151302978 0
153794494 0
157066885 0
159783779 0
160050276 0
161086909 0
166679447 0
169725358 0
173088167 0
176050764 0
178395126 0
187441265 0
189414043 0
194548796 0
201346490 0
204338087 0
209345536 0
212069664 0
216036263 0
219701951 0
225157235 0
232129756 0
269277615 0
273074105 0
277914804 0
283177506 0
283662506 0
289964647 0
324435305 0
326767618 0
327350834 0
349166719 0
354459731 0
356286860 0
382008694 0
392956532 0
466315594 0
472461812 0
476578198 0
485163618 0
502436455 0
529594260 0
623674393 0
682190167 0
715392545 0
40236173 0
58393071 0
61543878 0
65539870 0
80789824 0
90634099 0
91148505 0
95453765 0
101956699 0
102911325 0
103648512 0
103850817 0
104160772 0
112143761 0
114098835 0
114293422 0
119315214 0
119793873 0
122551768 0
131864593 0
133948389 0
134499363 0
135479154 0
136319707 0
136986090 0
137116287 0
137679495 0
140681012 0
143276519 0
148592159 0
152755473 0
153259394 0
153679081 0
153884193 0
154462687 0
155516391 0
156166283 0
157754178 0
158352448 0
159106813 0
159547170 0
160735642 0
161464390 0
161517742 0
165928482 0
167194273 0
169215039 0
169491700 0
171295374 0
171339526 0
172817402 0
174888840 0
175636047 0
175770124 0
177029221 0
177267954 0
178058212 0
179300717 0
179522998 0
179861877 0
181649423 0
181699123 0
182904709 0
184178795 0
184790490 0
187107234 0
194009146 0
194198901 0
196904331 0
206379592 0
208655959 0
210362267 0
210440121 0
212006122 0
212459750 0
212808054 0
212955851 0
212994649 0
213768053 0
215027141 0
220223063 0
221755651 0
222327947 0
222643695 0
223518948 0
224679021 0
225577271 0
226820370 0
227053161 0
228238943 0
228448700 0
229602808 0
232303156 0
233391572 0
233450655 0
234322988 0
236197608 0
237292281 0
241093607 0
242082368 0
242368997 0
243733395 0
245370987 0
247911180 0
247911354 0
259060382 0
263883136 0
265765267 0
267523857 0
268559092 0
276377993 0
277905320 0
279550101 0
287102781 0
311516144 0
316356277 0
321674052 0
322071850 0
329662443 0
331834087 0
335772336 0
337371415 0
338859199 0
344357734 0
346011177 0
350049866 0
355443314 0
356997926 0
364710204 0
366975839 0
370229811 0
378709244 0
380975952 0
392539296 0
393525478 0
402180440 0
407164804 0
407444496 0
410258487 0
414053988 0
421346972 0
424668514 0
438353074 0
439968401 0
465094852 0
469867211 0
471654062 0
482032860 0
502269452 0
515512287 0
527466409 0
531853808 0
543973051 0
558325771 0
558750943 0
573153921 0
576327382 0
581333984 0
588168893 0
600474712 0
647444356 0
675616099 0
717389938 0
1116580 0
2212642 0
2736974 0
4310350 0
4859072 0
6433532 0
6810959 0
6841455 0
9805642 0
10863030 0
11522856 0
13028857 0
19789351 0
22150583 0
23131696 0
29740422 0
30255243 0
31024277 0
31205940 0
31276839 0
31696683 0
33989445 0
36270637 0
38303145 0
39593648 0
40276990 0
40431873 0
41255668 0
45702000 0
46096007 0
46534334 0
54850962 0
54918675 0
55337297 0
58558084 0
59803367 0
62738643 0
62879374 0
63893289 0
64790576 0
64856535 0
65412569 0
65589053 0
66980518 0
67055395 0
67125400 0
68569404 0
70115385 0
70533137 0
70548642 0
71342311 0
72809525 0
75079594 0
76151327 0
76954623 0
80691653 0
80926512 0
81262648 0
81565297 0
81704241 0
81955198 0
84345940 0
84626850 0
84972824 0
85680907 0
86671697 0
86770703 0
89522150 0
90263980 0
90833159 0
92067812 0
93015670 0
93064564 0
93366939 0
93809842 0
95066904 0
97927525 0
99136321 0
101604929 0
103455095 0
105308602 0
105618912 0
105987776 0
106005657 0
107247507 0
107395148 0
108174731 0
110536035 0
112641568 0
112810994 0
115046997 0
115215599 0
118314307 0
119566214 0
120036725 0
120230433 0
120598083 0
121434527 0
122049365 0
122095173 0
123538477 0
124054694 0
124285533 0
125097465 0
129006423 0
131945842 0
132051267 0
132382803 0
132664479 0
132732024 0
133318282 0
133510101 0
133527946 0
133622643 0
133850891 0
133897213 0
134053610 0
134812815 0
135525637 0
135748683 0
136045310 0
136176407 0
136467280 0
136970505 0
137121174 0
137205599 0
137496468 0
137588427 0
137598322 0
137659006 0
137713090 0
137981646 0
138302989 0
138711624 0
139017530 0
139221166 0
139475706 0
140099622 0
140105095 0
140163400 0
141101436 0
141297408 0
141353202 0
142119816 0
142283738 0
142783345 0
143016299 0
143850873 0
144383573 0
144673146 0
144792380 0
145021469 0
145022858 0
145125689 0
145226605 0
145450165 0
145640890 0
145785893 0
145941733 0
146014747 0
146653681 0
146886790 0
147636352 0
147644117 0
149582510 0
150299448 0
150570237 0
151890278 0
151939805 0
152024058 0
152321713 0
152710113 0
152719443 0
152893173 0
153548625 0
153892781 0
154030000 0
154086721 0
154220881 0
154260226 0
154346145 0
154498697 0
154808825 0
155422093 0
155462383 0
156230061 0
156410724 0
156447153 0
156482578 0
156622006 0
156731828 0
156842779 0
156852479 0
156882995 0
156966736 0
157170254 0
157247284 0
157398723 0
157551761 0
158244524 0
158726156 0
159742142 0
160084400 0
160102725 0
160379785 0
160883580 0
161005109 0
161046455 0
161701005 0
161732147 0
161970454 0
162120465 0
162855356 0
162869641 0
163438655 0
163562116 0
164233529 0
164276687 0
164304992 0
164601538 0
164633443 0
165247466 0
165686200 0
165995893 0
166673586 0
166705902 0
166754223 0
166963305 0
167008519 0
167068235 0
167773894 0
167953138 0
168229307 0
168746526 0
169115680 0
169586772 0
169894073 0
169974607 0
170067616 0
170118801 0
170359869 0
172517562 0
172938173 0
173020649 0
173044036 0
173219569 0
173360997 0
173515621 0
173891309 0
174116169 0
174592570 0
175285971 0
175510672 0
175779660 0
175981650 0
176027854 0
176096216 0
176100073 0
176475365 0
176706202 0
176791999 0
176902671 0
176906663 0
177010805 0
177037340 0
177112964 0
177489533 0
178258695 0
179172933 0
179177524 0
179434814 0
179684008 0
179897523 0
180027592 0
180570694 0
180843733 0
180887764 0
181053201 0
181593772 0
181647192 0
181740355 0
182134177 0
182572194 0
182796439 0
183073516 0
183974526 0
184367227 0
185677656 0
185677712 0
186546035 0
186795433 0
186832076 0
187374400 0
187683388 0
188002826 0
188478298 0
189188205 0
190391024 0
190853382 0
190871588 0
191014299 0
191016094 0
191680839 0
192162327 0
192809380 0
193036898 0
193373605 0
193437993 0
193867798 0
194226863 0
194357509 0
194663188 0
195328669 0
195739471 0
195771782 0
197194157 0
197651064 0
198199455 0
198797981 0
198886807 0
198986999 0
199015417 0
199611879 0
199752674 0
199839521 0
200014646 0
200436337 0
200453853 0
200553309 0
200953081 0
201206265 0
201665833 0
201793603 0
201912358 0
202761603 0
204331844 0
204381223 0
205507451 0
205511988 0
205672224 0
206033499 0
206432430 0
206443596 0
207051278 0
207183094 0
207638743 0
207909289 0
208228195 0
208372118 0
208946703 0
210488718 0
210896649 0
210980792 0
211200500 0
211578900 0
211796508 0
211974166 0
212003396 0
212333282 0
213134703 0
213375736 0
213518795 0
213705902 0
214363522 0
214495465 0
214503071 0
216202198 0
216419581 0
216495052 0
216500311 0
216694108 0
217623165 0
218229202 0
218598365 0
219190145 0
219438778 0
219591551 0
220058139 0
220222791 0
220425457 0
220930863 0
220950627 0
221266506 0
221385267 0
222015215 0
222305112 0
222408804 0
222771789 0
223155607 0
223262346 0
12762432 1
2254 0
60775 0
216127 0
252998 0
278787 0
282506 0
283649 0
367830 0
421832 0
470203 0
473457 0
488495 0
527520 0
568610 0
